5.167546510696411355e-01
3.252882972359657510e-01
3.026465445079586924e-01
2.856877155601978413e-01
2.877307177944616878e-01
2.873618587174198713e-01
2.796106264672496011e-01
2.744176026772369159e-01
2.726784059269861671e-01
2.733343267982656366e-01
2.719109943644567040e-01
2.725054604086009080e-01
2.701509135690602359e-01
2.712642408230088176e-01
2.692718226801265602e-01
2.736525696786967221e-01
2.692560266364704691e-01
2.676066106693311131e-01
2.680259358476508869e-01
2.649932267990979251e-01
2.652152071622285168e-01
2.656745586882938159e-01
2.609449671750718736e-01
2.643757080489939071e-01
2.627658550034869811e-01
2.618092462420463784e-01
2.631679719144647822e-01
2.629177212037823175e-01
2.621311187066814874e-01
2.633521165360103722e-01
2.613841168582439201e-01
2.610994652590968301e-01
2.598903518508781096e-01
2.607772048901427775e-01
2.591923837634650396e-01
2.614717186851934771e-01
2.586772918023846346e-01
2.592098564586856058e-01
2.587636031887747823e-01
2.667146874422376968e-01
2.662124637175690145e-01
2.591679888692768885e-01
2.573416200551119637e-01
2.578559996729547499e-01
2.582392124967141656e-01
2.570992135866121964e-01
2.571261311119252824e-01
2.590163192965767580e-01
2.594184605912728814e-01
2.583488111468878468e-01
2.514370318163525186e-01
2.501311036673459220e-01
2.506571843542835798e-01
2.505553223192691914e-01
2.505170035768639059e-01
2.502415518869053335e-01
2.503383807160637353e-01
2.505685662004080716e-01
2.503285416147925657e-01
2.498966412110762148e-01
2.502777506682005715e-01
2.502529415217312758e-01
2.503907103430141334e-01
2.503002724864266115e-01
2.500423407012766219e-01
2.503936814990910809e-01
2.500405313616448910e-01
2.501055259596217661e-01
2.497154719450256910e-01
2.501949359747496771e-01
2.500095589594407697e-01
2.495432424951683492e-01
2.497667328877882509e-01
2.502172523262826132e-01
2.499085241420702375e-01
2.499204750765453564e-01
2.498869053342125668e-01
2.495172458616169986e-01
2.499010975387963296e-01
2.495801454917951079e-01
2.488833526996049039e-01
2.488085107369856497e-01
2.484953429211269604e-01
2.484337810088287635e-01
2.485285544937307078e-01
2.486382292752916112e-01
2.485097194259816844e-01
2.483791241591626897e-01
2.483034806495363067e-01
2.484723939137025439e-01
2.482486014677719732e-01
2.484859146177768596e-01
2.484755114398219389e-01
2.485673783177679286e-01
2.484167517586187979e-01
2.482430809600786603e-01
2.484872286969965205e-01
2.484769848937337933e-01
2.482746878808194946e-01
2.488491351631554604e-01
