5.155091253193941903e-01
3.252361106601628360e-01
3.025765839625488840e-01
2.952734343030236075e-01
2.833286469632929072e-01
2.810337042266672358e-01
2.774794888767329049e-01
2.770585889166051752e-01
2.814899199388243844e-01
2.751570463857867521e-01
2.733339848843487907e-01
2.754591353237628715e-01
2.718806265430017133e-01
2.731160245158455457e-01
2.712890446863391314e-01
2.718653240664438697e-01
2.697270130569284774e-01
2.684485894712534959e-01
2.684543389488350251e-01
2.684223413467407005e-01
2.677260792390866451e-01
2.651417921889911988e-01
2.636577955701134290e-01
2.660715351050550459e-01
2.650544064966114943e-01
2.639551917937668635e-01
2.629812787202271407e-01
2.627439916133880726e-01
2.635320940478281804e-01
2.614838823676109425e-01
2.634739792482419518e-01
2.626273834569887722e-01
2.603823061016473095e-01
2.612194846976886864e-01
2.630599246783690282e-01
2.617829886349764545e-01
2.611259469254450516e-01
2.615040562369606580e-01
2.592145048081874736e-01
2.649398791519078089e-01
2.601439751684665458e-01
2.605303275314244105e-01
2.599151342429897871e-01
2.579989727925170451e-01
2.587432118979367535e-01
2.583950764753601970e-01
2.576744311235167895e-01
2.600422339005903916e-01
2.590993963181972282e-01
2.578115612268447876e-01
2.513301250609484838e-01
2.506257886236364363e-01
2.511837502772157893e-01
2.510827425528656121e-01
2.509369526397098316e-01
2.518025551329959311e-01
2.508609293536706586e-01
2.508969527076591044e-01
2.507729094814170612e-01
2.504741015082055933e-01
2.507742020216854884e-01
2.506795837797901605e-01
2.508989115330306219e-01
2.507528617300770479e-01
2.505265013738112168e-01
2.509374359114603381e-01
2.517989168112927945e-01
2.504697514528578250e-01
2.552134620195085080e-01
2.518779217519543367e-01
2.510302936488931769e-01
2.504648552022197272e-01
2.504806954752314962e-01
2.506577838212251663e-01
2.505645457993854186e-01
2.506044899198142106e-01
2.503819590265100592e-01
2.502073950388215007e-01
2.505294702947139518e-01
2.504851543767885880e-01
2.500498056411742942e-01
2.498682979832995976e-01
2.494973062114282103e-01
2.494970522820949554e-01
2.495460475032979797e-01
2.496822857043959898e-01
2.495010023767297858e-01
2.494244000451131260e-01
2.492827418852936183e-01
2.494336315176703678e-01
2.493089969185265653e-01
2.495551441880789756e-01
2.495279045944863994e-01
2.496320875530893268e-01
2.494929562915455257e-01
2.492915637791156824e-01
2.495924363082105413e-01
2.495644924992864722e-01
2.493303017182783576e-01
2.498925100673328736e-01
