1.213710792769085334e+00
5.368029296398162398e-01
4.239179974252527683e-01
3.765656263990835861e-01
3.321712153201753503e-01
3.096471845426342906e-01
3.001314540478316473e-01
2.934966658326712552e-01
2.901452248069373296e-01
2.931699951263991299e-01
2.959707003425467997e-01
2.888418396765535801e-01
2.883922246369448605e-01
2.929994539781050067e-01
2.858942199159752451e-01
2.935119911350987376e-01
2.880000778219916624e-01
2.890174818987196192e-01
2.915511461821469474e-01
2.827010651203719083e-01
2.815522703257474224e-01
2.844928494908592898e-01
2.843535420569506811e-01
2.889810671860521540e-01
2.831319708715785421e-01
2.839760983532125249e-01
2.801530002870342706e-01
2.842193127355792104e-01
2.835520187562162175e-01
2.834132065827196234e-01
2.797411479733207251e-01
2.784761571071364683e-01
2.865467773919755934e-01
2.781813034957105191e-01
2.762957331131805083e-01
2.797345016490329628e-01
2.781767062842845917e-01
2.762603048573840647e-01
2.793290871788154939e-01
2.719246661121195174e-01
2.776014564389532313e-01
2.769237751987847496e-01
2.699914363297549191e-01
2.755329656330021693e-01
2.721794297072020474e-01
2.719465341080318788e-01
2.693719353865493549e-01
2.727874180132692783e-01
2.658493242480537977e-01
2.690577849068425120e-01
2.547389308160001309e-01
2.539515598253770379e-01
2.534877400506626577e-01
2.537627207284623987e-01
2.534166525033387241e-01
2.531084834174676113e-01
2.531991905786774577e-01
2.529166330668059515e-01
2.532186737114732744e-01
2.529262798753651453e-01
2.529685508121143900e-01
2.531139842488548952e-01
2.530943829227577657e-01
2.533118080686438955e-01
2.530227875844998642e-01
2.527818547053770626e-01
2.529636819931593839e-01
2.531558449295434055e-01
2.528441385789351181e-01
2.530112099918452317e-01
2.524783333594148860e-01
2.531770622188394548e-01
2.528669883581725064e-01
2.528616624122316248e-01
2.522261194884777291e-01
2.527978861196474858e-01
2.530545222488316814e-01
2.525453113019466289e-01
2.529205074364488937e-01
2.523333242671056409e-01
2.515489414334297069e-01
2.511731665242801781e-01
2.508923724293709023e-01
2.511893279850482830e-01
2.512108161368153403e-01
2.511951313100078131e-01
2.506854089146310360e-01
2.510207645595073922e-01
2.511175245723941130e-01
2.509533120827241448e-01
2.510211091149937013e-01
2.512349730188196406e-01
2.511170303957028782e-01
2.511345077644694945e-01
2.513112787495959677e-01
2.511958825994621836e-01
2.510032343593510684e-01
2.507730940526182173e-01
2.512612107802520978e-01
2.509857615286653632e-01
