6.296947223896329771e-01
3.218706408684903764e-01
3.102035492658615223e-01
3.111492463810877629e-01
3.006651481444185259e-01
2.904180652715943056e-01
2.955066032030365664e-01
2.908815096725116955e-01
2.879585592584176235e-01
2.831673258407549354e-01
2.848806700923225965e-01
2.828760195184837900e-01
2.825614308769052729e-01
2.829570787874134963e-01
2.799047606235200436e-01
2.805018868636001139e-01
2.783338551494208279e-01
2.774116379970854029e-01
2.754148527302525129e-01
2.731821741570125694e-01
2.799122722311453426e-01
2.752776149321686239e-01
2.762439506975087333e-01
2.744068353690884421e-01
2.759508388286286973e-01
2.698358097536997513e-01
2.737687669017098147e-01
2.754309938035228167e-01
2.710461820391091292e-01
2.705774733288721645e-01
2.686397450891407912e-01
2.705088293010538547e-01
2.742257532748308968e-01
2.672490575774149613e-01
2.680745626037771001e-01
2.734578364274718454e-01
2.668447331271388556e-01
2.669327223165468554e-01
2.686130915853110479e-01
2.682244751263748728e-01
2.680343400348316751e-01
2.661167380484667500e-01
2.645945946601304111e-01
2.656469156118956287e-01
2.650431111454963906e-01
2.650743875313888998e-01
2.626127018847248529e-01
2.631649645214730882e-01
2.625806193460117899e-01
2.632771679623560623e-01
2.541505194523117628e-01
2.534121317619627001e-01
2.533181092278523616e-01
2.529757463119246541e-01
2.532756032591516049e-01
2.532895598899234657e-01
2.531732604923573327e-01
2.531624365259300680e-01
2.532005949453873805e-01
2.535827564922246147e-01
2.533135899765924792e-01
2.532832873815840102e-01
2.531025461852550729e-01
2.531177459115331874e-01
2.529560535468838300e-01
2.530000133947892804e-01
2.529852045530622817e-01
2.529613120312040331e-01
2.530260624533349767e-01
2.530209350315007488e-01
2.531150754202495801e-01
2.530842130157080483e-01
2.527980215170166911e-01
2.528911054811694425e-01
2.526467382907867654e-01
2.523329260674390118e-01
2.525501001287590586e-01
2.524246181276711409e-01
2.528859843584624345e-01
2.527515532618219152e-01
2.519088277762586148e-01
2.521478851749138217e-01
2.520292214371941397e-01
2.521044359288432402e-01
2.518362822857769800e-01
2.518707326867363760e-01
2.520408209074627148e-01
2.518627418035810916e-01
2.518358481878584243e-01
2.518831428479064716e-01
2.520466816696253498e-01
2.519561636854301678e-01
2.512881934642791637e-01
2.516219372099096074e-01
2.519080756062810900e-01
2.521321995691819806e-01
2.518196894363923244e-01
2.514762780205769821e-01
2.515682773156599494e-01
2.519404040141539070e-01
