7.198018821803006118e-01
3.956742482429200791e-01
3.113680895079266042e-01
3.193379450250755647e-01
3.013605391437357284e-01
2.922021876681934471e-01
2.994643380696123125e-01
2.970430882139639683e-01
2.910991970111023175e-01
2.868077970363877016e-01
2.840015757490287895e-01
2.797486766495487776e-01
2.807948032563382657e-01
2.814147057181055067e-01
2.790858673101121457e-01
2.757208567451346903e-01
2.728933045132593826e-01
2.767210330475460278e-01
2.764811779287728588e-01
2.728369743309237982e-01
2.755608159032734705e-01
2.698483836921778400e-01
2.732067843729799606e-01
2.723522642796689652e-01
2.709878118200735875e-01
2.676642602140253402e-01
2.689414444972168527e-01
2.704239528964866301e-01
2.686285339295864105e-01
2.670179004018957136e-01
2.655402011492035697e-01
2.659179751168597727e-01
2.637795739553191465e-01
2.644077643752097972e-01
2.668672369285063350e-01
2.631458373232321568e-01
2.635409641672264436e-01
2.645673299377614973e-01
2.622723331505601996e-01
2.634796819226308262e-01
2.636649043045260488e-01
2.646205788308924056e-01
2.618539010259238187e-01
2.616679698228835949e-01
2.607756916094909894e-01
2.600277334451675526e-01
2.614232727072455797e-01
2.612836429341273137e-01
2.596270005134018732e-01
2.614235724237832237e-01
2.534589752554893272e-01
2.529128149151801952e-01
2.524378061971881415e-01
2.526901638643307968e-01
2.523157389326529110e-01
2.519719614224000259e-01
2.521887528625401664e-01
2.518754646182060353e-01
2.519582354886965581e-01
2.518564338033849603e-01
2.518717780031941023e-01
2.519648994911800610e-01
2.518444927578622483e-01
2.520751695063981335e-01
2.520744804631580016e-01
2.516210598701780765e-01
2.521395630457184400e-01
2.521143697879530965e-01
2.519053960388357161e-01
2.537363374775106206e-01
2.515454723076386845e-01
2.522216015918688492e-01
2.518691335889426397e-01
2.519614412025971695e-01
2.513896564868363659e-01
2.520751615816896885e-01
2.519790461117570879e-01
2.518179137598384743e-01
2.520169426771727283e-01
2.519043660976669763e-01
2.515479730611497877e-01
2.510570899329402361e-01
2.507276888598095055e-01
2.510075917975468918e-01
2.510187052867629554e-01
2.510038383305072673e-01
2.504926511509851794e-01
2.508167545226487327e-01
2.508576666766946794e-01
2.507445977492765987e-01
2.507441837001930796e-01
2.509899589148434917e-01
2.508852859112349343e-01
2.509812478314746298e-01
2.510937853292985467e-01
2.509876148944551466e-01
2.508291047405112884e-01
2.505895882844925149e-01
2.511132323606447558e-01
2.507849290966987499e-01
