6.371581458232619122e-01
3.283309944651343626e-01
3.028371535918929491e-01
2.926757979122074915e-01
3.013834823261608009e-01
2.931828406046737556e-01
2.858909474177794285e-01
2.881553507663986990e-01
2.892065674743868886e-01
2.838955763388763542e-01
2.824305155060508055e-01
2.869026353413408614e-01
2.740384003655477185e-01
2.798745401880957662e-01
2.776208556511185477e-01
2.797921023585579481e-01
2.777323554185303633e-01
2.718056735667315205e-01
2.782564497806809256e-01
2.760198873552409116e-01
2.738967998461289688e-01
2.723174840889193704e-01
2.724002579396421209e-01
2.728067517957903920e-01
2.717182578010992611e-01
2.697757320647889978e-01
2.726487233557484124e-01
2.679603017189285952e-01
2.721584726463664450e-01
2.699549986557526760e-01
2.677354997531934400e-01
2.708095509897578967e-01
2.667275005443529579e-01
2.733186335726217608e-01
2.676650032401085011e-01
2.673160590908744139e-01
2.667042063041166755e-01
2.658937835557894092e-01
2.674256080930882962e-01
2.647394115274602777e-01
2.673548406497998631e-01
2.644134749065745749e-01
2.626893487843600106e-01
2.628258898854255454e-01
2.637633278288624705e-01
2.632062486626884912e-01
2.643016239458864658e-01
2.640670220960270043e-01
2.606009842319921832e-01
2.638639553704045237e-01
2.531842646951025233e-01
2.524114219979806117e-01
2.523106299340724945e-01
2.519497750834985283e-01
2.521881893277168052e-01
2.520690873265266641e-01
2.520417092876000575e-01
2.521241336383602816e-01
2.520014378157529045e-01
2.521599647673693489e-01
2.523003503002903547e-01
2.520920162173834744e-01
2.521093388172713223e-01
2.520245163278146405e-01
2.517737500369549020e-01
2.519757255911826976e-01
2.517755169760096945e-01
2.519749803976579217e-01
2.520322140644897235e-01
2.518704652108929576e-01
2.519323685629801246e-01
2.519551766189662145e-01
2.517602505331689722e-01
2.519589799371632632e-01
2.514449293640526606e-01
2.510068313641981574e-01
2.513142457739873104e-01
2.514174348251386193e-01
2.515608548440716463e-01
2.514936922626062055e-01
2.507850798693569971e-01
2.509923043576153812e-01
2.508773914792321036e-01
2.509598618881269116e-01
2.506890538063916152e-01
2.507286237722093358e-01
2.508959013630043255e-01
2.507073676721616184e-01
2.506918248805132809e-01
2.507498134943572099e-01
2.509028526192361719e-01
2.508085017854517207e-01
2.501412537964907701e-01
2.504814107987013982e-01
2.507640807127410887e-01
2.509858159856362958e-01
2.506797770884903742e-01
2.503320692615075282e-01
2.504098304970697741e-01
2.508015214042230157e-01
