6.011258248578418284e-01
3.739548179236325542e-01
3.177836670116944706e-01
2.904615410349585813e-01
2.890285301614891611e-01
2.844473250887610827e-01
2.809726866808804346e-01
2.814245742830362995e-01
2.805931960317221696e-01
2.758792247284542198e-01
2.732322486286813401e-01
2.720239191570065218e-01
2.738228369165550680e-01
2.717947755347598915e-01
2.702493124387481127e-01
2.717518338425592983e-01
2.679713671180334877e-01
2.706463184546340495e-01
2.679036544127897934e-01
2.678329813209446852e-01
2.669563458724455440e-01
2.678059345619244747e-01
2.678970515050671519e-01
2.674874527887864395e-01
2.675068759782747718e-01
2.661684022031047259e-01
2.648026001047004141e-01
2.655426379631866118e-01
2.658694237470626831e-01
2.656401855024424496e-01
2.645485708659345292e-01
2.642661733383482314e-01
2.663938348943536982e-01
2.636511302129788681e-01
2.635478830472989253e-01
2.636815331198952284e-01
2.646203966980630873e-01
2.635044649920680326e-01
2.636785204437646080e-01
2.623835950412533591e-01
2.622519557448950711e-01
2.635504606772552938e-01
2.629905871369622172e-01
2.624174393036148856e-01
2.622394207526336785e-01
2.612127984111959345e-01
2.617984469641338463e-01
2.623038196428255642e-01
2.618674759160388721e-01
2.611523312601176094e-01
2.575878931717439091e-01
2.574567559767853009e-01
2.572452703660184636e-01
2.576017847792668736e-01
2.572878452187234433e-01
2.570417872206731125e-01
2.572399188849058826e-01
2.570029413158243514e-01
2.571992284872315349e-01
2.569831907071850607e-01
2.570422379130666846e-01
2.570195227184078890e-01
2.570171807299960753e-01
2.572509968822652704e-01
2.571333950893445186e-01
2.567785808308558071e-01
2.573487088084220886e-01
2.571828331459652395e-01
2.570732355117797963e-01
2.571196031841364582e-01
2.567487357692285199e-01
2.573051013729789060e-01
2.571610987863757192e-01
2.570536815307357115e-01
2.567158875140276852e-01
2.571909088980067759e-01
2.572416823018681131e-01
2.571942281316627055e-01
2.573639987544579788e-01
2.569082844663749809e-01
2.569363979453390123e-01
2.566013635559515338e-01
2.562986217439174874e-01
2.566145413301207934e-01
2.566405391828580074e-01
2.566409522836858303e-01
2.561406673355536290e-01
2.564653597094795900e-01
2.565339305861429886e-01
2.564185413447293560e-01
2.564209204505790152e-01
2.566951054063710269e-01
2.565579713745550494e-01
2.566355518319389795e-01
2.567885135385123418e-01
2.566639520905234506e-01
2.564977879551323947e-01
2.562691390514373890e-01
2.567991050806912590e-01
2.564663813872770648e-01
