4.800384628501805362e-01
3.233193136751651986e-01
3.002300080927935433e-01
2.821125742386688118e-01
2.744168349287726683e-01
2.749779215590520409e-01
2.701971629803830988e-01
2.724986218593337117e-01
2.692297632044011735e-01
2.704795638268643887e-01
2.689876064658164867e-01
2.682379418476061317e-01
2.681219694289294075e-01
2.673417045311494156e-01
2.673205309293487097e-01
2.679730454629117853e-01
2.683793912557038142e-01
2.669411645016886991e-01
2.667123342102223904e-01
2.659274122931740703e-01
2.655540383674881433e-01
2.640387885949828650e-01
2.648430221460082445e-01
2.655092138458381990e-01
2.635619642382318051e-01
2.646083484319123325e-01
2.637305524538863799e-01
2.636471740224144433e-01
2.635109691457314662e-01
2.628633935343135386e-01
2.628596901216290194e-01
2.626548715613105101e-01
2.623518764972686546e-01
2.628186653283509089e-01
2.622365222058513079e-01
2.627862349829890309e-01
2.623370188881050669e-01
2.623419264500791437e-01
2.619737096130848042e-01
2.611945323646068795e-01
2.639558063989335679e-01
2.624381850388917137e-01
2.619001825424757679e-01
2.611214002425020220e-01
2.613882849839600508e-01
2.610008719292554180e-01
2.613766608590429308e-01
2.616315788166089229e-01
2.615727484903552225e-01
2.633018226108767568e-01
2.579628042199395010e-01
2.571308071640404647e-01
2.576923908835107579e-01
2.576281124895269392e-01
2.575290631841529732e-01
2.573463278060609816e-01
2.573778299445455553e-01
2.576247165148908280e-01
2.573749356649138731e-01
2.570118303326043296e-01
2.573641583323478810e-01
2.573134479197589086e-01
2.575278869406743554e-01
2.575038225813345294e-01
2.570655730637637082e-01
2.576555245301940245e-01
2.573554467071186291e-01
2.572282513434236972e-01
2.569398840720003574e-01
2.575326538898727868e-01
2.574195603078061612e-01
2.570001930675723245e-01
2.571220642463727390e-01
2.574848204173825206e-01
2.573699712753295676e-01
2.574276834726333396e-01
2.571118948811834670e-01
2.570076758888634738e-01
2.572648510336875693e-01
2.571294871920888903e-01
2.568387415598739065e-01
2.569136557253924313e-01
2.566036264327439254e-01
2.565377924252640329e-01
2.566705929284746057e-01
2.567825083028186239e-01
2.566502676091411139e-01
2.565665066242218129e-01
2.564696636389602324e-01
2.566185608506202920e-01
2.564786622131412508e-01
2.567340278490023442e-01
2.567534154789014034e-01
2.568359763784842098e-01
2.567124229940501157e-01
2.564935530451211143e-01
2.568150643597949534e-01
2.568101223896850360e-01
2.565815962173721987e-01
2.571270793676376232e-01
