5.376589788631959133e-01
3.268517747521400563e-01
2.971830143847248862e-01
2.924150967462496586e-01
2.810417609458619737e-01
2.789293583821166878e-01
2.777600765905596791e-01
2.774228912185539020e-01
2.739783013408834123e-01
2.759282018650661694e-01
2.756676116450266223e-01
2.734114254740151462e-01
2.722715826197104061e-01
2.725697866894982169e-01
2.712573974647305430e-01
2.719340593300082487e-01
2.714222601868889750e-01
2.695269777016205959e-01
2.723644774068485486e-01
2.668825641951777516e-01
2.700626825067130032e-01
2.683274668048728495e-01
2.707901475104418920e-01
2.679172082380815167e-01
2.677268822084773459e-01
2.684378212825818677e-01
2.662206160751255934e-01
2.671299120919271020e-01
2.712187271903861441e-01
2.675566665150902468e-01
2.676261835477569129e-01
2.666525447910482183e-01
2.687353223562240490e-01
2.666090766814622204e-01
2.672834051603620864e-01
2.665352702140807994e-01
2.659768378870053795e-01
2.655551319772547214e-01
2.661167985336346797e-01
2.665499244223941688e-01
2.665162112902511038e-01
2.653109606016765820e-01
2.659068748354911915e-01
2.642601979049769567e-01
2.648518097671595517e-01
2.649310853670943655e-01
2.644049716944044115e-01
2.651716282421892612e-01
2.647048451683737813e-01
2.651229259642687852e-01
2.594840874048796597e-01
2.590305236930197097e-01
2.588728342543948902e-01
2.586311359297145396e-01
2.589047997512600729e-01
2.588470588353546931e-01
2.588206421922553679e-01
2.588733025572516611e-01
2.588017620146274567e-01
2.589605992490595088e-01
2.590106624093922449e-01
2.590042957528070899e-01
2.589351549744606240e-01
2.589867587116631564e-01
2.585107728838920704e-01
2.588360874490304164e-01
2.587487987496636110e-01
2.587468511678955863e-01
2.587783537805080636e-01
2.586354863237250723e-01
2.588543651456182704e-01
2.588968094776977202e-01
2.587811881168322059e-01
2.584849759259006952e-01
2.584640089761127135e-01
2.580652514641935125e-01
2.583959693935784507e-01
2.581469164653257820e-01
2.586167405274781284e-01
2.585405523126775296e-01
2.579784361476247789e-01
2.582141701470722084e-01
2.581047089262442085e-01
2.581761782142248940e-01
2.578969838267022863e-01
2.579308193515647551e-01
2.580990309742364208e-01
2.579149766401810928e-01
2.578881787982854057e-01
2.579459299418059293e-01
2.581091477789662081e-01
2.580344274640083424e-01
2.573450018059123545e-01
2.576705152338201188e-01
2.579573835161599327e-01
2.582050218500874239e-01
2.578932766209949268e-01
2.575400238010016607e-01
2.576199233531951682e-01
2.579932642253962571e-01
